{
 "cells": [
  {
   "cell_type": "code",
   "execution_count": 1,
   "metadata": {},
   "outputs": [],
   "source": [
    "import cuqi\n",
    "import numpy as np\n",
    "import os\n",
    "import sys\n",
    "sys.path.append(os.path.abspath('..'))\n",
    "# from utilities import TableAutomization as TA\n",
    "import utilities\n",
    "import benchmarksClass as BC \n",
    "import matplotlib.pyplot as plt"
   ]
  },
  {
   "cell_type": "code",
   "execution_count": 2,
   "metadata": {},
   "outputs": [
    {
     "name": "stdout",
     "output_type": "stream",
     "text": [
      "WARNING: user expression has not supplied value_shape method or an element. Assuming scalar element.\n",
      "WARNING: user expression has not supplied value_shape method or an element. Assuming scalar element.\n",
      "WARNING: user expression has not supplied value_shape method or an element. Assuming scalar element.\n",
      "WARNING: user expression has not supplied value_shape method or an element. Assuming scalar element.\n",
      "WARNING: user expression has not supplied value_shape method or an element. Assuming scalar element.\n",
      "WARNING: user expression has not supplied value_shape method or an element. Assuming scalar element.\n",
      "WARNING: user expression has not supplied value_shape method or an element. Assuming scalar element.\n",
      "WARNING: user expression has not supplied value_shape method or an element. Assuming scalar element.\n",
      "WARNING: user expression has not supplied value_shape method or an element. Assuming scalar element.\n",
      "WARNING: user expression has not supplied value_shape method or an element. Assuming scalar element.\n",
      "WARNING: user expression has not supplied value_shape method or an element. Assuming scalar element.\n",
      "WARNING: user expression has not supplied value_shape method or an element. Assuming scalar element.\n",
      "WARNING: user expression has not supplied value_shape method or an element. Assuming scalar element.\n",
      "WARNING: user expression has not supplied value_shape method or an element. Assuming scalar element.\n",
      "WARNING: user expression has not supplied value_shape method or an element. Assuming scalar element.\n",
      "WARNING: user expression has not supplied value_shape method or an element. Assuming scalar element.\n",
      "WARNING: user expression has not supplied value_shape method or an element. Assuming scalar element.\n",
      "WARNING: user expression has not supplied value_shape method or an element. Assuming scalar element.\n",
      "WARNING: user expression has not supplied value_shape method or an element. Assuming scalar element.\n",
      "WARNING: user expression has not supplied value_shape method or an element. Assuming scalar element.\n",
      "WARNING: user expression has not supplied value_shape method or an element. Assuming scalar element.\n",
      "WARNING: user expression has not supplied value_shape method or an element. Assuming scalar element.\n",
      "WARNING: user expression has not supplied value_shape method or an element. Assuming scalar element.\n",
      "WARNING: user expression has not supplied value_shape method or an element. Assuming scalar element.\n",
      "WARNING: user expression has not supplied value_shape method or an element. Assuming scalar element.\n",
      "WARNING: user expression has not supplied value_shape method or an element. Assuming scalar element.\n",
      "WARNING: user expression has not supplied value_shape method or an element. Assuming scalar element.\n",
      "WARNING: user expression has not supplied value_shape method or an element. Assuming scalar element.\n",
      "WARNING: user expression has not supplied value_shape method or an element. Assuming scalar element.\n",
      "WARNING: user expression has not supplied value_shape method or an element. Assuming scalar element.\n",
      "WARNING: user expression has not supplied value_shape method or an element. Assuming scalar element.\n",
      "WARNING: user expression has not supplied value_shape method or an element. Assuming scalar element.\n",
      "WARNING: user expression has not supplied value_shape method or an element. Assuming scalar element.\n",
      "WARNING: user expression has not supplied value_shape method or an element. Assuming scalar element.\n",
      "WARNING: user expression has not supplied value_shape method or an element. Assuming scalar element.\n",
      "WARNING: user expression has not supplied value_shape method or an element. Assuming scalar element.\n",
      "WARNING: user expression has not supplied value_shape method or an element. Assuming scalar element.\n",
      "WARNING: user expression has not supplied value_shape method or an element. Assuming scalar element.\n",
      "WARNING: user expression has not supplied value_shape method or an element. Assuming scalar element.\n",
      "WARNING: user expression has not supplied value_shape method or an element. Assuming scalar element.\n",
      "WARNING: user expression has not supplied value_shape method or an element. Assuming scalar element.\n",
      "WARNING: user expression has not supplied value_shape method or an element. Assuming scalar element.\n",
      "WARNING: user expression has not supplied value_shape method or an element. Assuming scalar element.\n",
      "WARNING: user expression has not supplied value_shape method or an element. Assuming scalar element.\n",
      "WARNING: user expression has not supplied value_shape method or an element. Assuming scalar element.\n",
      "WARNING: user expression has not supplied value_shape method or an element. Assuming scalar element.\n",
      "WARNING: user expression has not supplied value_shape method or an element. Assuming scalar element.\n",
      "WARNING: user expression has not supplied value_shape method or an element. Assuming scalar element.\n",
      "WARNING: user expression has not supplied value_shape method or an element. Assuming scalar element.\n",
      "WARNING: user expression has not supplied value_shape method or an element. Assuming scalar element.\n",
      "WARNING: user expression has not supplied value_shape method or an element. Assuming scalar element.\n",
      "WARNING: user expression has not supplied value_shape method or an element. Assuming scalar element.\n",
      "WARNING: user expression has not supplied value_shape method or an element. Assuming scalar element.\n",
      "WARNING: user expression has not supplied value_shape method or an element. Assuming scalar element.\n",
      "WARNING: user expression has not supplied value_shape method or an element. Assuming scalar element.\n",
      "WARNING: user expression has not supplied value_shape method or an element. Assuming scalar element.\n",
      "WARNING: user expression has not supplied value_shape method or an element. Assuming scalar element.\n",
      "WARNING: user expression has not supplied value_shape method or an element. Assuming scalar element.\n",
      "WARNING: user expression has not supplied value_shape method or an element. Assuming scalar element.\n",
      "WARNING: user expression has not supplied value_shape method or an element. Assuming scalar element.\n",
      "WARNING: user expression has not supplied value_shape method or an element. Assuming scalar element.\n",
      "WARNING: user expression has not supplied value_shape method or an element. Assuming scalar element.\n",
      "WARNING: user expression has not supplied value_shape method or an element. Assuming scalar element.\n",
      "WARNING: user expression has not supplied value_shape method or an element. Assuming scalar element.\n",
      "[0.07841191 0.12804552 0.16276244 0.18740709 0.20357658 0.21261838\n",
      " 0.21566046 0.21226483 0.20292136 0.18691124 0.16195683 0.12589911\n",
      " 0.07560597 0.12804552 0.22044869 0.28572933 0.33225714 0.36346559\n",
      " 0.38122714 0.38711312 0.38090639 0.36257904 0.33181468 0.28503411\n",
      " 0.21779158 0.12589911 0.16276244 0.28572933 0.37712006 0.44198913\n",
      " 0.48576656 0.51118595 0.51969967 0.51104847 0.48551497 0.44161703\n",
      " 0.37655454 0.28503411 0.16195683 0.18740709 0.33225714 0.44198913\n",
      " 0.52174113 0.5753289  0.60662658 0.61724448 0.60653028 0.57515432\n",
      " 0.52148696 0.44161703 0.33181468 0.18691124 0.20357658 0.36346559\n",
      " 0.48576656 0.5753289  0.63622699 0.67170386 0.68375582 0.67157\n",
      " 0.63586463 0.57515432 0.48551497 0.36257904 0.20292136 0.21261838\n",
      " 0.38122714 0.51118595 0.60662658 0.67170386 0.70989947 0.72284346\n",
      " 0.70982509 0.67157    0.60653028 0.51104847 0.38090639 0.21226483\n",
      " 0.21566046 0.38711312 0.51969967 0.61724448 0.68375582 0.72284346\n",
      " 0.73614737 0.72284346 0.68375582 0.61724448 0.51969967 0.38711312\n",
      " 0.21566046 0.21226483 0.38090639 0.51104847 0.60653028 0.67157\n",
      " 0.70982509 0.72284346 0.70989947 0.67170386 0.60662658 0.51118595\n",
      " 0.38122714 0.21261838 0.20292136 0.36257904 0.48551497 0.57515432\n",
      " 0.63586463 0.67157    0.68375582 0.67170386 0.63622699 0.5753289\n",
      " 0.48576656 0.36346559 0.20357658 0.18691124 0.33181468 0.44161703\n",
      " 0.52148696 0.57515432 0.60653028 0.61724448 0.60662658 0.5753289\n",
      " 0.52174113 0.44198913 0.33225714 0.18740709 0.16195683 0.28503411\n",
      " 0.37655454 0.44161703 0.48551497 0.51104847 0.51969967 0.51118595\n",
      " 0.48576656 0.44198913 0.37712006 0.28572933 0.16276244 0.12589911\n",
      " 0.21779158 0.28503411 0.33181468 0.36257904 0.38090639 0.38711312\n",
      " 0.38122714 0.36346559 0.33225714 0.28572933 0.22044869 0.12804552\n",
      " 0.07560597 0.12589911 0.16195683 0.18691124 0.20292136 0.21226483\n",
      " 0.21566046 0.21261838 0.20357658 0.18740709 0.16276244 0.12804552\n",
      " 0.07841191]\n",
      "WARNING: user expression has not supplied value_shape method or an element. Assuming scalar element.\n",
      "WARNING: user expression has not supplied value_shape method or an element. Assuming scalar element.\n",
      "WARNING: user expression has not supplied value_shape method or an element. Assuming scalar element.\n",
      "WARNING: user expression has not supplied value_shape method or an element. Assuming scalar element.\n",
      "WARNING: user expression has not supplied value_shape method or an element. Assuming scalar element.\n",
      "WARNING: user expression has not supplied value_shape method or an element. Assuming scalar element.\n",
      "WARNING: user expression has not supplied value_shape method or an element. Assuming scalar element.\n",
      "WARNING: user expression has not supplied value_shape method or an element. Assuming scalar element.\n",
      "WARNING: user expression has not supplied value_shape method or an element. Assuming scalar element.\n",
      "WARNING: user expression has not supplied value_shape method or an element. Assuming scalar element.\n",
      "WARNING: user expression has not supplied value_shape method or an element. Assuming scalar element.\n",
      "WARNING: user expression has not supplied value_shape method or an element. Assuming scalar element.\n",
      "WARNING: user expression has not supplied value_shape method or an element. Assuming scalar element.\n",
      "WARNING: user expression has not supplied value_shape method or an element. Assuming scalar element.\n",
      "WARNING: user expression has not supplied value_shape method or an element. Assuming scalar element.\n",
      "WARNING: user expression has not supplied value_shape method or an element. Assuming scalar element.\n",
      "WARNING: user expression has not supplied value_shape method or an element. Assuming scalar element.\n",
      "WARNING: user expression has not supplied value_shape method or an element. Assuming scalar element.\n",
      "WARNING: user expression has not supplied value_shape method or an element. Assuming scalar element.\n",
      "WARNING: user expression has not supplied value_shape method or an element. Assuming scalar element.\n",
      "WARNING: user expression has not supplied value_shape method or an element. Assuming scalar element.\n",
      "WARNING: user expression has not supplied value_shape method or an element. Assuming scalar element.\n",
      "WARNING: user expression has not supplied value_shape method or an element. Assuming scalar element.\n",
      "WARNING: user expression has not supplied value_shape method or an element. Assuming scalar element.\n",
      "WARNING: user expression has not supplied value_shape method or an element. Assuming scalar element.\n",
      "WARNING: user expression has not supplied value_shape method or an element. Assuming scalar element.\n",
      "WARNING: user expression has not supplied value_shape method or an element. Assuming scalar element.\n",
      "WARNING: user expression has not supplied value_shape method or an element. Assuming scalar element.\n",
      "WARNING: user expression has not supplied value_shape method or an element. Assuming scalar element.\n",
      "WARNING: user expression has not supplied value_shape method or an element. Assuming scalar element.\n",
      "WARNING: user expression has not supplied value_shape method or an element. Assuming scalar element.\n",
      "WARNING: user expression has not supplied value_shape method or an element. Assuming scalar element.\n",
      "WARNING: user expression has not supplied value_shape method or an element. Assuming scalar element.\n",
      "WARNING: user expression has not supplied value_shape method or an element. Assuming scalar element.\n",
      "WARNING: user expression has not supplied value_shape method or an element. Assuming scalar element.\n",
      "WARNING: user expression has not supplied value_shape method or an element. Assuming scalar element.\n",
      "WARNING: user expression has not supplied value_shape method or an element. Assuming scalar element.\n",
      "WARNING: user expression has not supplied value_shape method or an element. Assuming scalar element.\n",
      "WARNING: user expression has not supplied value_shape method or an element. Assuming scalar element.\n",
      "WARNING: user expression has not supplied value_shape method or an element. Assuming scalar element.\n",
      "WARNING: user expression has not supplied value_shape method or an element. Assuming scalar element.\n",
      "WARNING: user expression has not supplied value_shape method or an element. Assuming scalar element.\n",
      "WARNING: user expression has not supplied value_shape method or an element. Assuming scalar element.\n",
      "WARNING: user expression has not supplied value_shape method or an element. Assuming scalar element.\n",
      "WARNING: user expression has not supplied value_shape method or an element. Assuming scalar element.\n",
      "WARNING: user expression has not supplied value_shape method or an element. Assuming scalar element.\n",
      "WARNING: user expression has not supplied value_shape method or an element. Assuming scalar element.\n",
      "WARNING: user expression has not supplied value_shape method or an element. Assuming scalar element.\n",
      "WARNING: user expression has not supplied value_shape method or an element. Assuming scalar element.\n",
      "WARNING: user expression has not supplied value_shape method or an element. Assuming scalar element.\n",
      "WARNING: user expression has not supplied value_shape method or an element. Assuming scalar element.\n",
      "WARNING: user expression has not supplied value_shape method or an element. Assuming scalar element.\n",
      "WARNING: user expression has not supplied value_shape method or an element. Assuming scalar element.\n",
      "WARNING: user expression has not supplied value_shape method or an element. Assuming scalar element.\n",
      "WARNING: user expression has not supplied value_shape method or an element. Assuming scalar element.\n",
      "WARNING: user expression has not supplied value_shape method or an element. Assuming scalar element.\n",
      "WARNING: user expression has not supplied value_shape method or an element. Assuming scalar element.\n",
      "WARNING: user expression has not supplied value_shape method or an element. Assuming scalar element.\n",
      "WARNING: user expression has not supplied value_shape method or an element. Assuming scalar element.\n",
      "WARNING: user expression has not supplied value_shape method or an element. Assuming scalar element.\n",
      "WARNING: user expression has not supplied value_shape method or an element. Assuming scalar element.\n",
      "WARNING: user expression has not supplied value_shape method or an element. Assuming scalar element.\n",
      "WARNING: user expression has not supplied value_shape method or an element. Assuming scalar element.\n",
      "WARNING: user expression has not supplied value_shape method or an element. Assuming scalar element.\n",
      "[0.07841191 0.12804552 0.16276244 0.18740709 0.20357658 0.21261838\n",
      " 0.21566046 0.21226483 0.20292136 0.18691124 0.16195683 0.12589911\n",
      " 0.07560597 0.12804552 0.22044869 0.28572933 0.33225714 0.36346559\n",
      " 0.38122714 0.38711312 0.38090639 0.36257904 0.33181468 0.28503411\n",
      " 0.21779158 0.12589911 0.16276244 0.28572933 0.37712006 0.44198913\n",
      " 0.48576656 0.51118595 0.51969967 0.51104847 0.48551497 0.44161703\n",
      " 0.37655454 0.28503411 0.16195683 0.18740709 0.33225714 0.44198913\n",
      " 0.52174113 0.5753289  0.60662658 0.61724448 0.60653028 0.57515432\n",
      " 0.52148696 0.44161703 0.33181468 0.18691124 0.20357658 0.36346559\n",
      " 0.48576656 0.5753289  0.63622699 0.67170386 0.68375582 0.67157\n",
      " 0.63586463 0.57515432 0.48551497 0.36257904 0.20292136 0.21261838\n",
      " 0.38122714 0.51118595 0.60662658 0.67170386 0.70989947 0.72284346\n",
      " 0.70982509 0.67157    0.60653028 0.51104847 0.38090639 0.21226483\n",
      " 0.21566046 0.38711312 0.51969967 0.61724448 0.68375582 0.72284346\n",
      " 0.73614737 0.72284346 0.68375582 0.61724448 0.51969967 0.38711312\n",
      " 0.21566046 0.21226483 0.38090639 0.51104847 0.60653028 0.67157\n",
      " 0.70982509 0.72284346 0.70989947 0.67170386 0.60662658 0.51118595\n",
      " 0.38122714 0.21261838 0.20292136 0.36257904 0.48551497 0.57515432\n",
      " 0.63586463 0.67157    0.68375582 0.67170386 0.63622699 0.5753289\n",
      " 0.48576656 0.36346559 0.20357658 0.18691124 0.33181468 0.44161703\n",
      " 0.52148696 0.57515432 0.60653028 0.61724448 0.60662658 0.5753289\n",
      " 0.52174113 0.44198913 0.33225714 0.18740709 0.16195683 0.28503411\n",
      " 0.37655454 0.44161703 0.48551497 0.51104847 0.51969967 0.51118595\n",
      " 0.48576656 0.44198913 0.37712006 0.28572933 0.16276244 0.12589911\n",
      " 0.21779158 0.28503411 0.33181468 0.36257904 0.38090639 0.38711312\n",
      " 0.38122714 0.36346559 0.33225714 0.28572933 0.22044869 0.12804552\n",
      " 0.07560597 0.12589911 0.16195683 0.18691124 0.20292136 0.21226483\n",
      " 0.21566046 0.21261838 0.20357658 0.18740709 0.16276244 0.12804552\n",
      " 0.07841191]\n"
     ]
    }
   ],
   "source": [
    "target_wolfgang = BC.Wolfgang()\n",
    "x0 = BC.Wolfgang().x0"
   ]
  },
  {
   "cell_type": "code",
   "execution_count": 5,
   "metadata": {},
   "outputs": [],
   "source": [
    "samples = utilities.MCMCComparison(dim = 3, target= target_wolfgang, scale = [0.027,0.027,0.000233,0.000233,0.5], Ns = 800, Nb= 200, seed = 12,chains=3)"
   ]
  },
  {
   "cell_type": "code",
   "execution_count": 6,
   "metadata": {},
   "outputs": [
    {
     "name": "stdout",
     "output_type": "stream",
     "text": [
      "Sample 1000 / 1000\n",
      "\n",
      "Average acceptance rate: 0.6 \n",
      "\n",
      "Sample 30 / 1000"
     ]
    },
    {
     "ename": "KeyboardInterrupt",
     "evalue": "",
     "output_type": "error",
     "traceback": [
      "\u001b[0;31m---------------------------------------------------------------------------\u001b[0m",
      "\u001b[0;31mKeyboardInterrupt\u001b[0m                         Traceback (most recent call last)",
      "Cell \u001b[0;32mIn[6], line 1\u001b[0m\n\u001b[0;32m----> 1\u001b[0m \u001b[43msamples\u001b[49m\u001b[38;5;241;43m.\u001b[39;49m\u001b[43mcreate_comparison\u001b[49m\u001b[43m(\u001b[49m\u001b[43m)\u001b[49m\n",
      "File \u001b[0;32m~/Desktop/CUQIpy_project/CUQIpy-Benchmarks/utilities/_mcmcComparison.py:185\u001b[0m, in \u001b[0;36mMCMCComparison.create_comparison\u001b[0;34m(self)\u001b[0m\n\u001b[1;32m    165\u001b[0m \u001b[38;5;250m\u001b[39m\u001b[38;5;124;03m\"\"\"\u001b[39;00m\n\u001b[1;32m    166\u001b[0m \u001b[38;5;124;03mCreate a table comparing various sampling methods with ESS values.\u001b[39;00m\n\u001b[1;32m    167\u001b[0m \u001b[38;5;124;03m\u001b[39;00m\n\u001b[0;32m   (...)\u001b[0m\n\u001b[1;32m    181\u001b[0m \u001b[38;5;124;03mplot : matplotlib figure, plot of the samples\u001b[39;00m\n\u001b[1;32m    182\u001b[0m \u001b[38;5;124;03m\"\"\"\u001b[39;00m\n\u001b[1;32m    184\u001b[0m \u001b[38;5;66;03m# Run precomputation\u001b[39;00m\n\u001b[0;32m--> 185\u001b[0m samples, pr \u001b[38;5;241m=\u001b[39m \u001b[38;5;28;43mself\u001b[39;49m\u001b[38;5;241;43m.\u001b[39;49m\u001b[43mprecompute_samples\u001b[49m\u001b[43m(\u001b[49m\u001b[38;5;28;43;01mTrue\u001b[39;49;00m\u001b[43m)\u001b[49m\n\u001b[1;32m    186\u001b[0m df_dict \u001b[38;5;241m=\u001b[39m{}\n\u001b[1;32m    187\u001b[0m \u001b[38;5;28;01mfor\u001b[39;00m method \u001b[38;5;129;01min\u001b[39;00m \u001b[38;5;28mself\u001b[39m\u001b[38;5;241m.\u001b[39mselected_methods:\n",
      "File \u001b[0;32m~/Desktop/CUQIpy_project/CUQIpy-Benchmarks/utilities/_mcmcComparison.py:123\u001b[0m, in \u001b[0;36mMCMCComparison.precompute_samples\u001b[0;34m(self, save)\u001b[0m\n\u001b[1;32m    121\u001b[0m \u001b[38;5;28;01mif\u001b[39;00m method \u001b[38;5;129;01min\u001b[39;00m method_mapping:\n\u001b[1;32m    122\u001b[0m     mcmc_method, adapted \u001b[38;5;241m=\u001b[39m method_mapping[method]\n\u001b[0;32m--> 123\u001b[0m     samples[method], pr[method] \u001b[38;5;241m=\u001b[39m \u001b[38;5;28;43mself\u001b[39;49m\u001b[38;5;241;43m.\u001b[39;49m\u001b[43mMCMC_sampling\u001b[49m\u001b[43m(\u001b[49m\u001b[43mmcmc_method\u001b[49m\u001b[43m,\u001b[49m\u001b[43m \u001b[49m\u001b[43madapted\u001b[49m\u001b[43m,\u001b[49m\u001b[43m  \u001b[49m\u001b[38;5;28;43mself\u001b[39;49m\u001b[38;5;241;43m.\u001b[39;49m\u001b[43mscale\u001b[49m\u001b[43m[\u001b[49m\u001b[43midx\u001b[49m\u001b[43m]\u001b[49m\u001b[43m,\u001b[49m\u001b[43m \u001b[49m\u001b[38;5;28;43mself\u001b[39;49m\u001b[38;5;241;43m.\u001b[39;49m\u001b[43mNs\u001b[49m\u001b[43m[\u001b[49m\u001b[43midx\u001b[49m\u001b[43m]\u001b[49m\u001b[43m,\u001b[49m\u001b[43m \u001b[49m\u001b[38;5;28;43mself\u001b[39;49m\u001b[38;5;241;43m.\u001b[39;49m\u001b[43mNb\u001b[49m\u001b[43m[\u001b[49m\u001b[43midx\u001b[49m\u001b[43m]\u001b[49m\u001b[43m)\u001b[49m\n\u001b[1;32m    124\u001b[0m     \u001b[38;5;28;01mif\u001b[39;00m save:\n\u001b[1;32m    125\u001b[0m         \u001b[38;5;28mself\u001b[39m\u001b[38;5;241m.\u001b[39msampling_results[method] \u001b[38;5;241m=\u001b[39m {\n\u001b[1;32m    126\u001b[0m             \u001b[38;5;124m\"\u001b[39m\u001b[38;5;124msamples\u001b[39m\u001b[38;5;124m\"\u001b[39m: samples[method],\n\u001b[1;32m    127\u001b[0m             \u001b[38;5;124m\"\u001b[39m\u001b[38;5;124mprofiling\u001b[39m\u001b[38;5;124m\"\u001b[39m: pr[method]\n\u001b[1;32m    128\u001b[0m         }\n",
      "File \u001b[0;32m~/Desktop/CUQIpy_project/CUQIpy-Benchmarks/utilities/_mcmcComparison.py:148\u001b[0m, in \u001b[0;36mMCMCComparison.MCMC_sampling\u001b[0;34m(self, method, adapted, scale_index, ns_index, nb_index)\u001b[0m\n\u001b[1;32m    146\u001b[0m         x \u001b[38;5;241m=\u001b[39m sampler\u001b[38;5;241m.\u001b[39msample_adapt(ns_index,nb_index)\n\u001b[1;32m    147\u001b[0m     \u001b[38;5;28;01melse\u001b[39;00m: \n\u001b[0;32m--> 148\u001b[0m         x \u001b[38;5;241m=\u001b[39m \u001b[43msampler\u001b[49m\u001b[38;5;241;43m.\u001b[39;49m\u001b[43msample\u001b[49m\u001b[43m(\u001b[49m\u001b[43mns_index\u001b[49m\u001b[43m,\u001b[49m\u001b[43m \u001b[49m\u001b[43mnb_index\u001b[49m\u001b[43m)\u001b[49m\n\u001b[1;32m    150\u001b[0m \u001b[38;5;28;01mfinally\u001b[39;00m:\n\u001b[1;32m    151\u001b[0m     pr\u001b[38;5;241m.\u001b[39mdisable()\n",
      "File \u001b[0;32m~/miniconda3/envs/cuqipy/lib/python3.12/site-packages/cuqi/sampler/_sampler.py:91\u001b[0m, in \u001b[0;36mSampler.sample\u001b[0;34m(self, N, Nb)\u001b[0m\n\u001b[1;32m     89\u001b[0m \u001b[38;5;28;01mdef\u001b[39;00m \u001b[38;5;21msample\u001b[39m(\u001b[38;5;28mself\u001b[39m,N,Nb\u001b[38;5;241m=\u001b[39m\u001b[38;5;241m0\u001b[39m):\n\u001b[1;32m     90\u001b[0m     \u001b[38;5;66;03m# Get samples from the samplers sample method\u001b[39;00m\n\u001b[0;32m---> 91\u001b[0m     result \u001b[38;5;241m=\u001b[39m \u001b[38;5;28;43mself\u001b[39;49m\u001b[38;5;241;43m.\u001b[39;49m\u001b[43m_sample\u001b[49m\u001b[43m(\u001b[49m\u001b[43mN\u001b[49m\u001b[43m,\u001b[49m\u001b[43mNb\u001b[49m\u001b[43m)\u001b[49m\n\u001b[1;32m     92\u001b[0m     \u001b[38;5;28;01mreturn\u001b[39;00m \u001b[38;5;28mself\u001b[39m\u001b[38;5;241m.\u001b[39m_create_Sample_object(result,N\u001b[38;5;241m+\u001b[39mNb)\n",
      "File \u001b[0;32m~/miniconda3/envs/cuqipy/lib/python3.12/site-packages/cuqi/sampler/_cwmh.py:96\u001b[0m, in \u001b[0;36mCWMH._sample\u001b[0;34m(self, N, Nb)\u001b[0m\n\u001b[1;32m     93\u001b[0m \u001b[38;5;66;03m# run MCMC\u001b[39;00m\n\u001b[1;32m     94\u001b[0m \u001b[38;5;28;01mfor\u001b[39;00m s \u001b[38;5;129;01min\u001b[39;00m \u001b[38;5;28mrange\u001b[39m(Ns\u001b[38;5;241m-\u001b[39m\u001b[38;5;241m1\u001b[39m):\n\u001b[1;32m     95\u001b[0m     \u001b[38;5;66;03m# run component by component\u001b[39;00m\n\u001b[0;32m---> 96\u001b[0m     samples[:, s\u001b[38;5;241m+\u001b[39m\u001b[38;5;241m1\u001b[39m], target_eval[s\u001b[38;5;241m+\u001b[39m\u001b[38;5;241m1\u001b[39m], acc[:, s\u001b[38;5;241m+\u001b[39m\u001b[38;5;241m1\u001b[39m] \u001b[38;5;241m=\u001b[39m \u001b[38;5;28;43mself\u001b[39;49m\u001b[38;5;241;43m.\u001b[39;49m\u001b[43msingle_update\u001b[49m\u001b[43m(\u001b[49m\u001b[43msamples\u001b[49m\u001b[43m[\u001b[49m\u001b[43m:\u001b[49m\u001b[43m,\u001b[49m\u001b[43m \u001b[49m\u001b[43ms\u001b[49m\u001b[43m]\u001b[49m\u001b[43m,\u001b[49m\u001b[43m \u001b[49m\u001b[43mtarget_eval\u001b[49m\u001b[43m[\u001b[49m\u001b[43ms\u001b[49m\u001b[43m]\u001b[49m\u001b[43m)\u001b[49m\n\u001b[1;32m     98\u001b[0m     \u001b[38;5;28mself\u001b[39m\u001b[38;5;241m.\u001b[39m_print_progress(s\u001b[38;5;241m+\u001b[39m\u001b[38;5;241m2\u001b[39m,Ns) \u001b[38;5;66;03m#s+2 is the sample number, s+1 is index assuming x0 is the first sample\u001b[39;00m\n\u001b[1;32m     99\u001b[0m     \u001b[38;5;28mself\u001b[39m\u001b[38;5;241m.\u001b[39m_call_callback(samples[:, s\u001b[38;5;241m+\u001b[39m\u001b[38;5;241m1\u001b[39m], s\u001b[38;5;241m+\u001b[39m\u001b[38;5;241m1\u001b[39m)\n",
      "File \u001b[0;32m~/miniconda3/envs/cuqipy/lib/python3.12/site-packages/cuqi/sampler/_cwmh.py:178\u001b[0m, in \u001b[0;36mCWMH.single_update\u001b[0;34m(self, x_t, target_eval_t)\u001b[0m\n\u001b[1;32m    175\u001b[0m x_star[j] \u001b[38;5;241m=\u001b[39m x_i_star[j]\n\u001b[1;32m    177\u001b[0m \u001b[38;5;66;03m# evaluate target\u001b[39;00m\n\u001b[0;32m--> 178\u001b[0m target_eval_star \u001b[38;5;241m=\u001b[39m \u001b[38;5;28;43mself\u001b[39;49m\u001b[38;5;241;43m.\u001b[39;49m\u001b[43mtarget\u001b[49m\u001b[38;5;241;43m.\u001b[39;49m\u001b[43mlogd\u001b[49m\u001b[43m(\u001b[49m\u001b[43mx_star\u001b[49m\u001b[43m)\u001b[49m\n\u001b[1;32m    180\u001b[0m \u001b[38;5;66;03m# ratio and acceptance probability\u001b[39;00m\n\u001b[1;32m    181\u001b[0m ratio \u001b[38;5;241m=\u001b[39m target_eval_star \u001b[38;5;241m-\u001b[39m target_eval_t  \u001b[38;5;66;03m# proposal is symmetric\u001b[39;00m\n",
      "File \u001b[0;32m~/miniconda3/envs/cuqipy/lib/python3.12/site-packages/cuqi/distribution/_distribution.py:188\u001b[0m, in \u001b[0;36mDistribution.logd\u001b[0;34m(self, *args, **kwargs)\u001b[0m\n\u001b[1;32m    184\u001b[0m         \u001b[38;5;28;01mreturn\u001b[39;00m new_dist\u001b[38;5;241m.\u001b[39mlogd(\u001b[38;5;241m*\u001b[39m\u001b[38;5;241m*\u001b[39mmain_params)\n\u001b[1;32m    186\u001b[0m \u001b[38;5;66;03m# Not conditional distribution, simply evaluate log density directly\u001b[39;00m\n\u001b[1;32m    187\u001b[0m \u001b[38;5;28;01melse\u001b[39;00m:\n\u001b[0;32m--> 188\u001b[0m     \u001b[38;5;28;01mreturn\u001b[39;00m \u001b[38;5;28;43msuper\u001b[39;49m\u001b[43m(\u001b[49m\u001b[43m)\u001b[49m\u001b[38;5;241;43m.\u001b[39;49m\u001b[43mlogd\u001b[49m\u001b[43m(\u001b[49m\u001b[38;5;241;43m*\u001b[39;49m\u001b[43margs\u001b[49m\u001b[43m,\u001b[49m\u001b[43m \u001b[49m\u001b[38;5;241;43m*\u001b[39;49m\u001b[38;5;241;43m*\u001b[39;49m\u001b[43mkwargs\u001b[49m\u001b[43m)\u001b[49m\n",
      "File \u001b[0;32m~/miniconda3/envs/cuqipy/lib/python3.12/site-packages/cuqi/density/_density.py:91\u001b[0m, in \u001b[0;36mDensity.logd\u001b[0;34m(self, *args, **kwargs)\u001b[0m\n\u001b[1;32m     88\u001b[0m     \u001b[38;5;66;03m# Ensure that the keyword arguments are given in the correct order and use them as positional arguments.\u001b[39;00m\n\u001b[1;32m     89\u001b[0m     args \u001b[38;5;241m=\u001b[39m [kwargs[name] \u001b[38;5;28;01mfor\u001b[39;00m name \u001b[38;5;129;01min\u001b[39;00m par_names]            \n\u001b[0;32m---> 91\u001b[0m \u001b[38;5;28;01mreturn\u001b[39;00m \u001b[38;5;28;43mself\u001b[39;49m\u001b[38;5;241;43m.\u001b[39;49m\u001b[43m_logd\u001b[49m\u001b[43m(\u001b[49m\u001b[38;5;241;43m*\u001b[39;49m\u001b[43margs\u001b[49m\u001b[43m)\u001b[49m \u001b[38;5;241m+\u001b[39m \u001b[38;5;28mself\u001b[39m\u001b[38;5;241m.\u001b[39m_constant\n",
      "File \u001b[0;32m~/miniconda3/envs/cuqipy/lib/python3.12/site-packages/cuqi/distribution/_distribution.py:191\u001b[0m, in \u001b[0;36mDistribution._logd\u001b[0;34m(self, *args)\u001b[0m\n\u001b[1;32m    190\u001b[0m \u001b[38;5;28;01mdef\u001b[39;00m \u001b[38;5;21m_logd\u001b[39m(\u001b[38;5;28mself\u001b[39m, \u001b[38;5;241m*\u001b[39margs):\n\u001b[0;32m--> 191\u001b[0m     \u001b[38;5;28;01mreturn\u001b[39;00m \u001b[38;5;28;43mself\u001b[39;49m\u001b[38;5;241;43m.\u001b[39;49m\u001b[43mlogpdf\u001b[49m\u001b[43m(\u001b[49m\u001b[38;5;241;43m*\u001b[39;49m\u001b[43margs\u001b[49m\u001b[43m)\u001b[49m\n",
      "File \u001b[0;32m~/miniconda3/envs/cuqipy/lib/python3.12/site-packages/cuqi/distribution/_custom.py:45\u001b[0m, in \u001b[0;36mUserDefinedDistribution.logpdf\u001b[0;34m(self, x)\u001b[0m\n\u001b[1;32m     43\u001b[0m \u001b[38;5;28;01mdef\u001b[39;00m \u001b[38;5;21mlogpdf\u001b[39m(\u001b[38;5;28mself\u001b[39m, x):\n\u001b[1;32m     44\u001b[0m     \u001b[38;5;28;01mif\u001b[39;00m \u001b[38;5;28mself\u001b[39m\u001b[38;5;241m.\u001b[39mlogpdf_func \u001b[38;5;129;01mis\u001b[39;00m \u001b[38;5;129;01mnot\u001b[39;00m \u001b[38;5;28;01mNone\u001b[39;00m:\n\u001b[0;32m---> 45\u001b[0m         \u001b[38;5;28;01mreturn\u001b[39;00m \u001b[38;5;28;43mself\u001b[39;49m\u001b[38;5;241;43m.\u001b[39;49m\u001b[43mlogpdf_func\u001b[49m\u001b[43m(\u001b[49m\u001b[43mx\u001b[49m\u001b[43m)\u001b[49m\n\u001b[1;32m     46\u001b[0m     \u001b[38;5;28;01melse\u001b[39;00m:\n\u001b[1;32m     47\u001b[0m         \u001b[38;5;28;01mraise\u001b[39;00m \u001b[38;5;167;01mNotImplementedError\u001b[39;00m(\u001b[38;5;124m\"\u001b[39m\u001b[38;5;124mlogpdf_func is not defined.\u001b[39m\u001b[38;5;124m\"\u001b[39m)\n",
      "File \u001b[0;32m~/miniconda3/envs/cuqipy/lib/python3.12/site-packages/cuqi/distribution/_posterior.py:86\u001b[0m, in \u001b[0;36mPosterior.logpdf\u001b[0;34m(self, *args, **kwargs)\u001b[0m\n\u001b[1;32m     84\u001b[0m \u001b[38;5;28;01mdef\u001b[39;00m \u001b[38;5;21mlogpdf\u001b[39m(\u001b[38;5;28mself\u001b[39m, \u001b[38;5;241m*\u001b[39margs, \u001b[38;5;241m*\u001b[39m\u001b[38;5;241m*\u001b[39mkwargs):\n\u001b[1;32m     85\u001b[0m \u001b[38;5;250m    \u001b[39m\u001b[38;5;124;03m\"\"\" Returns the logpdf of the posterior distribution\"\"\"\u001b[39;00m\n\u001b[0;32m---> 86\u001b[0m     \u001b[38;5;28;01mreturn\u001b[39;00m \u001b[38;5;28;43mself\u001b[39;49m\u001b[38;5;241;43m.\u001b[39;49m\u001b[43mlikelihood\u001b[49m\u001b[38;5;241;43m.\u001b[39;49m\u001b[43mlogd\u001b[49m\u001b[43m(\u001b[49m\u001b[38;5;241;43m*\u001b[39;49m\u001b[43margs\u001b[49m\u001b[43m,\u001b[49m\u001b[43m \u001b[49m\u001b[38;5;241;43m*\u001b[39;49m\u001b[38;5;241;43m*\u001b[39;49m\u001b[43mkwargs\u001b[49m\u001b[43m)\u001b[49m\u001b[38;5;241m+\u001b[39m \u001b[38;5;28mself\u001b[39m\u001b[38;5;241m.\u001b[39mprior\u001b[38;5;241m.\u001b[39mlogd(\u001b[38;5;241m*\u001b[39margs, \u001b[38;5;241m*\u001b[39m\u001b[38;5;241m*\u001b[39mkwargs)\n",
      "File \u001b[0;32m~/miniconda3/envs/cuqipy/lib/python3.12/site-packages/cuqi/density/_density.py:91\u001b[0m, in \u001b[0;36mDensity.logd\u001b[0;34m(self, *args, **kwargs)\u001b[0m\n\u001b[1;32m     88\u001b[0m     \u001b[38;5;66;03m# Ensure that the keyword arguments are given in the correct order and use them as positional arguments.\u001b[39;00m\n\u001b[1;32m     89\u001b[0m     args \u001b[38;5;241m=\u001b[39m [kwargs[name] \u001b[38;5;28;01mfor\u001b[39;00m name \u001b[38;5;129;01min\u001b[39;00m par_names]            \n\u001b[0;32m---> 91\u001b[0m \u001b[38;5;28;01mreturn\u001b[39;00m \u001b[38;5;28;43mself\u001b[39;49m\u001b[38;5;241;43m.\u001b[39;49m\u001b[43m_logd\u001b[49m\u001b[43m(\u001b[49m\u001b[38;5;241;43m*\u001b[39;49m\u001b[43margs\u001b[49m\u001b[43m)\u001b[49m \u001b[38;5;241m+\u001b[39m \u001b[38;5;28mself\u001b[39m\u001b[38;5;241m.\u001b[39m_constant\n",
      "File \u001b[0;32m~/miniconda3/envs/cuqipy/lib/python3.12/site-packages/cuqi/likelihood/_likelihood.py:62\u001b[0m, in \u001b[0;36mLikelihood._logd\u001b[0;34m(self, *args, **kwargs)\u001b[0m\n\u001b[1;32m     60\u001b[0m \u001b[38;5;28;01mdef\u001b[39;00m \u001b[38;5;21m_logd\u001b[39m(\u001b[38;5;28mself\u001b[39m, \u001b[38;5;241m*\u001b[39margs, \u001b[38;5;241m*\u001b[39m\u001b[38;5;241m*\u001b[39mkwargs):\n\u001b[1;32m     61\u001b[0m \u001b[38;5;250m    \u001b[39m\u001b[38;5;124;03m\"\"\"Return the log-likelihood function at given value\"\"\"\u001b[39;00m\n\u001b[0;32m---> 62\u001b[0m     \u001b[38;5;28;01mreturn\u001b[39;00m \u001b[38;5;28;43mself\u001b[39;49m\u001b[38;5;241;43m.\u001b[39;49m\u001b[43mdistribution\u001b[49m\u001b[43m(\u001b[49m\u001b[38;5;241;43m*\u001b[39;49m\u001b[43margs\u001b[49m\u001b[43m,\u001b[49m\u001b[43m \u001b[49m\u001b[38;5;241;43m*\u001b[39;49m\u001b[38;5;241;43m*\u001b[39;49m\u001b[43mkwargs\u001b[49m\u001b[43m)\u001b[49m\u001b[38;5;241m.\u001b[39mlogd(\u001b[38;5;28mself\u001b[39m\u001b[38;5;241m.\u001b[39mdata)\n",
      "File \u001b[0;32m~/miniconda3/envs/cuqipy/lib/python3.12/site-packages/cuqi/distribution/_distribution.py:328\u001b[0m, in \u001b[0;36mDistribution.__call__\u001b[0;34m(self, *args, **kwargs)\u001b[0m\n\u001b[1;32m    327\u001b[0m \u001b[38;5;28;01mdef\u001b[39;00m \u001b[38;5;21m__call__\u001b[39m(\u001b[38;5;28mself\u001b[39m, \u001b[38;5;241m*\u001b[39margs, \u001b[38;5;241m*\u001b[39m\u001b[38;5;241m*\u001b[39mkwargs) \u001b[38;5;241m-\u001b[39m\u001b[38;5;241m>\u001b[39m Union[Distribution, Likelihood, EvaluatedDensity]:\n\u001b[0;32m--> 328\u001b[0m     \u001b[38;5;28;01mreturn\u001b[39;00m \u001b[38;5;28;43msuper\u001b[39;49m\u001b[43m(\u001b[49m\u001b[43m)\u001b[49m\u001b[38;5;241;43m.\u001b[39;49m\u001b[38;5;21;43m__call__\u001b[39;49m\u001b[43m(\u001b[49m\u001b[38;5;241;43m*\u001b[39;49m\u001b[43margs\u001b[49m\u001b[43m,\u001b[49m\u001b[43m \u001b[49m\u001b[38;5;241;43m*\u001b[39;49m\u001b[38;5;241;43m*\u001b[39;49m\u001b[43mkwargs\u001b[49m\u001b[43m)\u001b[49m\n",
      "File \u001b[0;32m~/miniconda3/envs/cuqipy/lib/python3.12/site-packages/cuqi/density/_density.py:141\u001b[0m, in \u001b[0;36mDensity.__call__\u001b[0;34m(self, *args, **kwargs)\u001b[0m\n\u001b[1;32m    132\u001b[0m \u001b[38;5;28;01mdef\u001b[39;00m \u001b[38;5;21m__call__\u001b[39m(\u001b[38;5;28mself\u001b[39m, \u001b[38;5;241m*\u001b[39margs, \u001b[38;5;241m*\u001b[39m\u001b[38;5;241m*\u001b[39mkwargs):\n\u001b[1;32m    133\u001b[0m \u001b[38;5;250m    \u001b[39m\u001b[38;5;124;03m\"\"\" Condition the density on a set of parameters.\u001b[39;00m\n\u001b[1;32m    134\u001b[0m \u001b[38;5;124;03m    \u001b[39;00m\n\u001b[1;32m    135\u001b[0m \u001b[38;5;124;03m    Positional arguments must follow the order of the parameter names.\u001b[39;00m\n\u001b[0;32m   (...)\u001b[0m\n\u001b[1;32m    139\u001b[0m \u001b[38;5;124;03m    \u001b[39;00m\n\u001b[1;32m    140\u001b[0m \u001b[38;5;124;03m    \"\"\"\u001b[39;00m\n\u001b[0;32m--> 141\u001b[0m     \u001b[38;5;28;01mreturn\u001b[39;00m \u001b[38;5;28;43mself\u001b[39;49m\u001b[38;5;241;43m.\u001b[39;49m\u001b[43m_condition\u001b[49m\u001b[43m(\u001b[49m\u001b[38;5;241;43m*\u001b[39;49m\u001b[43margs\u001b[49m\u001b[43m,\u001b[49m\u001b[43m \u001b[49m\u001b[38;5;241;43m*\u001b[39;49m\u001b[38;5;241;43m*\u001b[39;49m\u001b[43mkwargs\u001b[49m\u001b[43m)\u001b[49m\n",
      "File \u001b[0;32m~/miniconda3/envs/cuqipy/lib/python3.12/site-packages/cuqi/distribution/_distribution.py:290\u001b[0m, in \u001b[0;36mDistribution._condition\u001b[0;34m(self, *args, **kwargs)\u001b[0m\n\u001b[1;32m    287\u001b[0m \u001b[38;5;66;03m# If any keywords matched we evaluate callable variable\u001b[39;00m\n\u001b[1;32m    288\u001b[0m \u001b[38;5;28;01mif\u001b[39;00m \u001b[38;5;28mlen\u001b[39m(var_args)\u001b[38;5;241m==\u001b[39m\u001b[38;5;28mlen\u001b[39m(accepted_keywords):  \u001b[38;5;66;03m#All keywords found\u001b[39;00m\n\u001b[1;32m    289\u001b[0m     \u001b[38;5;66;03m# Define variable as the output of callable function\u001b[39;00m\n\u001b[0;32m--> 290\u001b[0m     \u001b[38;5;28msetattr\u001b[39m(new_dist, var_key, \u001b[43mvar_val\u001b[49m\u001b[43m(\u001b[49m\u001b[38;5;241;43m*\u001b[39;49m\u001b[38;5;241;43m*\u001b[39;49m\u001b[43mvar_args\u001b[49m\u001b[43m)\u001b[49m)\n\u001b[1;32m    292\u001b[0m \u001b[38;5;28;01melif\u001b[39;00m \u001b[38;5;28mlen\u001b[39m(var_args)\u001b[38;5;241m>\u001b[39m\u001b[38;5;241m0\u001b[39m:                      \u001b[38;5;66;03m#Some keywords found\u001b[39;00m\n\u001b[1;32m    293\u001b[0m     \u001b[38;5;66;03m# Define new partial function with partially defined args\u001b[39;00m\n\u001b[1;32m    294\u001b[0m     func \u001b[38;5;241m=\u001b[39m partial(var_val, \u001b[38;5;241m*\u001b[39m\u001b[38;5;241m*\u001b[39mvar_args)\n",
      "File \u001b[0;32m~/miniconda3/envs/cuqipy/lib/python3.12/site-packages/cuqi/model/_model.py:361\u001b[0m, in \u001b[0;36mModel.__call__\u001b[0;34m(self, *args, **kwargs)\u001b[0m\n\u001b[1;32m    360\u001b[0m \u001b[38;5;28;01mdef\u001b[39;00m \u001b[38;5;21m__call__\u001b[39m(\u001b[38;5;28mself\u001b[39m, \u001b[38;5;241m*\u001b[39margs, \u001b[38;5;241m*\u001b[39m\u001b[38;5;241m*\u001b[39mkwargs):\n\u001b[0;32m--> 361\u001b[0m     \u001b[38;5;28;01mreturn\u001b[39;00m \u001b[38;5;28;43mself\u001b[39;49m\u001b[38;5;241;43m.\u001b[39;49m\u001b[43mforward\u001b[49m\u001b[43m(\u001b[49m\u001b[38;5;241;43m*\u001b[39;49m\u001b[43margs\u001b[49m\u001b[43m,\u001b[49m\u001b[43m \u001b[49m\u001b[38;5;241;43m*\u001b[39;49m\u001b[38;5;241;43m*\u001b[39;49m\u001b[43mkwargs\u001b[49m\u001b[43m)\u001b[49m\n",
